62
62
62
61
62
61
61
61
60
60
59
60
60
59
59
59
58
58
58
58
57
57
57
57
57
57
56
56
56
56
55
55
55
55
55
54
54
54
54
53
53
53
53
52
52
52
52
52
52
51
52
54
51
51
50
50
50
50
49
49
49
49
49
50
50
48
48
48
48
47
47
47
47
46
46
46
46
46
45
45
45
45
47
44
44
44
44
44
44
43
43
43
43
43
43
42
40
40
42
42
42
41
41
41
40
41
41
40
40
40
40
39
39
39
39
39
39
39
39
38
38
38
37
38
38
39
37
37
37
37
37
36
36
36
36
35
36
35
35
35
35
35
35
33
34
34
34
34
34
34
34
34
33
33
33
33
33
33
33
33
33
32
32
32
32
31
32
31
31
31
31
31
31
31
31
31
30
30
30
30
30
29
30
29
30
30
30
29
29
29
29
29
28
29
28
29
28
28
28
28
28
28
28
28
28
28
27
28
27
27
27
27
27
27
27
27
26
26
26
26
26
26
26
26
26
26
25
26
26
25
25
25
25
25
25
25
25
25
25
25
25
25
25
25
25
24
24
24
24
24
24
24
25
24
24
24
24
24
26
24
21
24
24
24
23
24
24
23
24
23
23
23
23
23
23
23
23
23
23
23
23
23
23
23
23
23
23
21
23
23
23
23
23
23
23
23
23
23
23
23
23
23
23
23
23
23
23
23
23
23
23
23
23
23
23
22
23
23
23
23
22
23
23
23
23
23
23
23
23
23
22
23
23
23
23
24
23
23
23
23
23
23
23
24
24
23
24
23
23
24
24
24
24
24
24
24
24
24
24
24
24
24
24
24
24
24
24
24
25
25
24
25
24
24
25
25
25
25
25
25
25
25
26
25
25
25
25
26
26
26
26
26
26
26
26
26
26
26
27
26
27
25
25
27
27
27
27
27
28
28
28
28
28
28
28
28
29
28
31
29
29
29
31
29
29
29
29
29
30
30
30
30
30
30
30
30
30
30
31
30
31
30
31
31
31
32
31
32
32
32
32
33
32
33
33
33
33
33
33
33
34
33
34
34
34
34
34
34
35
35
35
35
35
35
35
35
35
36
36
36
37
36
36
36
37
37
37
37
38
38
38
37
38
38
38
39
39
39
39
39
39
40
39
40
40
40
40
41
41
41
41
41
42
41
41
42
42
42
43
43
43
43
43
43
44
44
44
44
44
44
44
45
45
45
45
46
46
46
46
46
47
47
47
48
47
48
48
48
48
49
49
51
49
49
48
50
50
50
50
50
51
51
51
51
51
52
52
52
52
52
53
53
53
54
53
54
54
54
54
55
55
55
56
56
56
56
56
56
57
57
57
57
58
57
58
58
58
59
59
59
60
60
60
60
60
61
61
61
61
62
62
62
62
62
63
63
63
63
64
64
64
65
65
65
65
65
66
66
66
66
67
65
65
68
68
68
68
68
69
69
69
69
70
69
70
70
70
69
71
71
71
71
71
74
72
73
73
73
73
73
74
74
74
75
75
75
73
76
76
76
76
77
77
77
78
78
78
78
79
79
79
80
80
80
80
81
81
83
82
82
82
82
83
83
83
83
84
84
84
85
85
85
85
86
86
86
86
87
87
87
87
88
87
90
89
91
89
91
90
90
88
89
89
89
92
89
93
92
92
93
93
93
94
94
94
94
93
93
95
96
96
96
96
97
97
97
97
96
96
98
98
100
99
99
100
100
100
100
101
101
101
102
102
102
102
103
103
103
104
104
104
104
104
107
107
105
104
106
106
107
107
107
107
108
108
108
109
109
109
110
110
110
111
111
111
111
112
112
112
113
113
113
113
114
114
114
114
115
115
115
116
116
116
117
117
117
117
118
118
118
118
119
119
119
120
120
120
120
121
121
121
121
122
122
122
123
123
123
126
124
124
124
125
124
125
126
126
126
126
127
127
127
127
63
129
63
129
129
129
129
129
63
63
63
63
63
63
63
63
63
63
63
63
63
63
63
63
63
63
63
63
63
63
63
63
63
63
63
63
63
63
63
63
63
63
63
63
63
63
63
141
141
141
141
141
63
63
143
143
143
144
144
144
144
63
63
63
63
63
63
63
63
63
63
63
63
63
63
63
63
63
63
63
63
63
63
63
63
63
63
63
63
63
63
63
63
63
63
63
63
63
63
63
63
63
63
63
63
63
63
63
63
63
157
157
157
157
63
63
63
63
63
63
63
63
160
160
160
160
161
161
161
161
162
162
162
163
163
163
163
163
163
164
164
164
164
165
165
165
165
165
166
166
166
166
167
167
167
167
167
168
168
168
168
169
168
169
169
169
169
170
170
170
170
171
171
171
171
171
172
172
172
172
172
173
173
173
173
174
174
174
174
174
175
175
175
175
175
175
176
176
176
177
176
177
177
177
177
177
177
178
177
178
178
178
179
179
179
180
179
180
180
180
179
180
180
181
181
181
182
181
182
182
182
182
182
183
183
183
183
183
183
183
184
184
184
184
184
184
185
185
185
184
185
185
186
186
186
186
186
186
186
186
187
187
187
187
188
188
188
188
188
188
188
188
188
189
189
189
189
189
189
189
189
189
190
190
188
190
190
190
191
191
191
191
191
191
191
191
192
191
192
192
192
192
194
194
192
192
193
193
192
193
193
193
193
193
193
194
194
194
194
194
194
194
194
194
194
194
195
194
194
195
195
195
195
195
195
195
195
196
196
196
196
196
196
196
196
196
196
196
196
196
196
196
197
196
197
197
197
197
197
197
197
198
197
197
198
198
198
198
198
198
198
198
198
198
198
198
198
198
198
198
198
198
198
198
198
198
198
199
198
198
199
199
198
199
199
199
199
199
199
199
199
199
199
199
199
199
199
199
199
199
199
200
199
199
199
200
200
199
199
200
200
199
199
200
200
199
199
200
200
199
199
200
200
199
200
200
199
199
200
199
199
199
199
199
199
199
199
199
199
199
199
199
200
199
199
199
199
199
199
199
199
199
199
199
199
199
199
199
199
199
199
199
199
199
199
198
198
198
199
198
198
198
198
198
198
198
198
198
198
198
198
198
198
197
198
198
198
198
198
197
197
197
197
197
197
197
197
197
196
197
197
196
196
197
197
196
196
196
196
196
196
196
195
195
195
195
195
195
195
195
195
195
195
194
195
194
194
195
195
194
194
194
193
194
193
194
193
193
193
193
193
193
193
193
193
192
192
192
192
192
192
191
192
192
191
192
191
191
191
191
191
190
190
190
190
190
190
190
190
190
189
189
189
189
189
189
188
188
188
188
188
188
188
187
187
187
187
187
186
187
186
187
187
186
186
186
186
186
185
185
185
185
185
185
184
184
184
184
184
183
183
181
183
183
182
183
182
182
182
182
182
181
182
183
183
181
181
181
181
180
180
180
180
180
180
179
179
179
179
179
178
178
178
177
178
177
177
177
177
177
176
176
176
175
176
175
175
175
175
174
175
174
174
173
173
173
173
173
173
172
172
172
172
172
171
172
171
171
171
171
170
170
170
169
169
169
169
169
168
168
168
168
168
167
167
167
167
167
166
166
166
166
166
165
165
165
165
164
164
164
164
163
164
163
163
163
162
162
162
161
161
161
161
161
161
160
63
63
160
63
63
63
63
63
63
63
63
157
157
157
157
63
63
63
63
63
63
63
63
63
63
63
63
63
63
63
63
63
63
63
63
63
63
63
63
63
63
63
63
63
63
63
63
63
63
63
63
63
63
63
144
63
63
63
63
63
63
63
144
144
144
144
143
143
143
143
63
63
63
141
141
141
141
63
63
63
63
63
63
63
63
63
63
63
63
63
63
63
63
63
63
63
63
63
63
63
63
63
63
63
63
63
63
63
63
63
63
63
63
63
63
63
129
129
129
129
63
63
63
63
127
127
127
127
126
126
126
126
126
125
125
124
124
124
124
124
123
122
122
122
122
122
121
121
121
121
121
120
120
119
119
119
119
119
167
167
167
166
167
166
166
166
166
165
165
165
165
164
164
164
164
163
163
163
163
163
162
162
162
162
161
161
161
161
160
160
160
63
63
63
63
63
63
63
63
63
157
157
157
157
63
63
63
63
63
63
63
63
63
63
63
63
63
63
63
63
63
63
63
63
63
63
63
63
63
63
63
63
63
63
63
63
63
63
63
63
63
63
63
63
63
63
63
63
63
63
63
144
63
144
144
143
143
143
143
143
63
63
63
63
141
143
63
63
63
63
63
63
63
63
63
63
63
63
63
63
63
63
63
63
63
63
63
63
63
63
63
63
63
63
63
63
63
63
63
63
63
63
63
63
63
63
63
129
129
129
129
63
63
63
127
127
127
127
126
127
125
125
125
125
125
124
124
124
123
123
123
123
122
122
122
122
121
121
121
121
120
120
119
119
119
119
119
118
118
118
118
117
117
117
116
116
115
115
115
115
115
114
114
114
115
115
115
113
112
112
111
111
111
111
111
110
110
110
109
109
109
109
108
108
107
107
107
107
106
106
106
105
105
105
105
104
104
104
104
103
103
103
103
102
102
102
102
101
101
101
100
100
100
99
99
99
98
99
98
98
96
97
97
97
96
96
96
95
95
95
95
95
94
94
93
93
93
93
93
92
92
92
91
91
91
90
88
88
90
89
89
89
88
88
88
88
87
87
87
86
87
86
86
85
85
85
84
84
84
84
84
83
83
83
82
82
82
82
81
81
81
81
81
80
80
80
80
79
79
79
78
78
78
78
77
77
76
76
76
76
76
76
75
75
75
74
74
74
74
74
73
75
75
73
72
72
72
71
71
70
71
70
68
70
70
69
69
69
69
68
70
68
68
67
67
67
67
67
67
67
65
65
65
65
65
64
64
64
64
64
63
63
63
62
62
62
62
62
61
61
61
61
60
60
60
60
59
59
59
59
59
58
58
58
57
57
57
57
57
57
56
56
56
56
55
55
55
54
55
54
54
54
54
53
53
53
53
52
52
52
52
52
51
51
51
51
51
51
50
50
50
50
50
49
49
51
48
48
48
48
48
48
47
47
47
47
47
47
47
46
46
46
45
46
45
45
45
44
44
44
44
44
43
43
43
43
43
43
43
42
42
42
42
41
41
42
43
43
41
40
41
42
40
40
39
40
37
40
39
39
38
38
38
38
38
38
38
38
37
37
37
37
37
37
36
37
36
36
36
36
35
35
36
35
35
35
35
35
34
34
34
34
34
32
32
32
33
33
33
33
33
33
32
32
32
32
32
32
32
31
31
31
31
32
31
31
31
31
31
31
30
30
30
30
30
30
30
30
29
29
29
29
29
29
29
29
29
29
28
28
28
28
28
28
28
27
28
30
27
25
27
27
27
27
27
27
27
27
26
27
26
26
27
26
26
26
26
26
25
26
25
26
25
26
25
25
25
25
25
27
27
27
25
25
25
24
25
24
25
24
24
25
24
24
24
24
24
24
24
24
24
24
24
24
24
23
23
24
23
24
23
24
23
24
23
23
23
23
23
23
23
23
23
23
23
23
23
23
23
23
23
23
23
23
23
23
23
23
23
23
23
23
23
23
23
22
23
23
23
23
23
23
22
23
23
23
23
23
23
22
23
23
23
23
23
23
23
23
23
23
23
23
23
23
23
23
23
24
23
23
23
23
23
23
23
21
23
23
23
23
23
24
25
24
23
24
24
24
23
24
26
24
24
25
24
24
26
24
24
24
25
24
25
24
24
24
25
25
25
25
25
25
25
25
25
25
27
25
25
26
26
26
26
26
26
26
26
26
26
26
26
26
26
27
27
27
27
27
27
27
28
28
28
28
28
28
28
28
28
28
28
28
28
28
29
29
29
29
29
29
29
29
29
30
30
30
30
30
30
30
31
30
31
30
31
31
31
31
31
31
31
32
32
32
32
32
32
32
33
33
33
33
33
33
34
34
34
34
34
34
34
34
34
34
35
35
35
35
35
35
36
36
38
38
36
37
36
37
37
37
36
38
37
37
38
38
38
38
38
38
39
39
39
39
39
40
40
40
40
40
40
40
41
43
41
41
42
42
42
42
42
43
42
43
42
43
43
44
44
44
44
45
45
44
45
45
45
45
46
46
46
46
46
46
47
47
48
47
48
48
48
48
49
48
49
49
49
51
50
50
50
50
50
50
51
51
51
51
51
52
52
52
52
52
53
53
53
54
53
54
54
54
54
54
55
55
55
55
55
56
56
57
57
57
57
57
58
58
58
58
58
59
59
59
59
60
60
60
60
61
60
61
61
62
62
62
62
62
63
63
63
64
64
64
64
65
65
65
65
66
66
66
66
66
67
67
67
68
67
70
70
68
69
69
69
69
69
68
68
70
71
71
71
69
71
72
72
72
72
72
73
73
73
74
74
74
74
75
75
75
75
76
76
76
77
77
77
78
78
78
78
78
79
79
79
80
80
80
81
81
81
81
82
82
82
82
83
83
83
83
83
84
84
85
85
85
85
85
86
86
86
86
87
87
87
87
88
88
91
89
89
89
89
90
90
91
91
91
92
92
92
92
92
93
93
93
93
94
94
94
95
95
95
96
96
96
97
96
97
97
97
98
98
99
99
99
99
100
100
100
100
101
101
101
101
101
102
103
103
103
103
103
103
104
104
104
105
105
105
106
106
106
107
107
107
107
108
108
108
109
109
109
109
110
110
110
111
111
111
111
112
112
113
113
113
113
115
113
112
114
114
114
115
115
116
116
117
116
117
117
118
118
118
118
119
119
119
119
120
120
120
121
121
123
123
121
122
122
123
123
123
121
124
124
124
125
125
125
125
125
126
126
126
127
127
127
127
63
63
63
63
63
129
129
63
63
63
63
63
63
63
63
63
63
63
63
63
63
63
63
63
63
63
63
63
63
63
63
63
63
63
63
63
63
63
63
63
63
63
63
63
63
63
63
63
141
141
141
63
63
63
143
143
143
143
143
144
144
144
63
63
63
63
63
63
144
63
63
63
63
63
63
63
63
63
63
63
63
63
63
63
63
63
63
63
63
63
63
63
63
63
63
63
63
63
63
63
63
63
63
63
63
63
63
63
63
63
63
157
157
157
63
63
63
63
63
63
63
63
63
160
160
161
161
160
161
161
161
162
162
162
162
162
163
163
164
163
164
164
164
164
167
165
165
165
166
166
166
166
166
166
167
167
167
168
168
168
168
169
169
169
169
169
170
169
170
170
170
170
170
171
171
171
172
172
172
172
172
172
173
173
173
173
175
174
174
174
174
174
175
175
176
176
175
176
176
176
176
176
176
177
177
177
178
178
178
179
178
179
178
179
179
179
180
180
180
180
180
181
180
181
181
181
181
182
182
182
182
182
183
182
183
183
183
183
183
183
183
184
184
184
184
184
185
185
187
185
185
185
186
185
185
185
186
186
186
186
186
186
187
187
187
185
185
185
185
188
188
188
188
188
188
189
188
189
189
189
189
189
190
189
189
190
190
190
190
190
191
189
191
191
191
191
191
191
192
192
192
192
192
192
192
193
192
193
193
193
193
193
193
193
193
194
194
193
194
194
194
194
194
194
194
194
195
195
194
195
195
195
195
196
193
193
193
193
193
196
196
196
195
196
196
196
196
196
196
196
197
196
197
197
197
197
197
197
197
197
197
197
197
198
197
198
198
197
198
198
198
198
198
197
198
198
198
198
198
198
198
198
198
198
198
198
199
198
199
198
199
199
199
199
199
199
199
199
199
199
199
199
199
199
199
199
199
199
199
199
199
199
199
199
199
200
199
199
200
200
199
199
199
199
199
199
199
199
199
199
199
200
199
199
199
199
199
199
199
199
200
200
199
200
199
200
199
199
199
199
199
199
200
199
199
199
199
199
199
199
199
199
199
199
199
199
199
199
199
199
199
198
199
198
198
198
198
198
199
198
198
198
198
198
198
198
198
198
198
198
198
198
198
198
198
198
198
197
197
197
197
197
197
197
197
197
197
197
196
197
196
196
196
196
196
196
196
196
196
196
196
195
195
196
195
195
195
195
195
195
195
195
195
195
195
194
194
194
194
194
194
194
193
194
193
193
194
193
193
193
193
193
193
193
192
193
192
192
192
192
192
192
191
191
191
191
191
191
191
191
191
191
191
190
190
190
190
190
189
189
189
189
189
189
189
188
189
188
188
188
188
188
188
187
187
187
185
185
185
185
185
184
184
186
186
186
186
185
185
185
185
185
184
184
185
184
184
184
184
183
183
183
183
183
183
183
183
183
182
182
182
182
182
181
181
181
181
181
181
180
180
180
180
180
179
179
179
179
178
178
178
178
178
178
177
177
177
177
177
177
176
176
176
175
175
175
175
175
175
175
174
174
172
172
173
173
173
173
172
172
172
172
172
172
171
171
171
171
171
170
170
170
170
170
169
169
169
169
169
168
168
168
168
167
167
167
167
167
166
166
165
166
165
165
165
165
164
164
164
164
164
163
163
163
163
163
162
162
162
162
161
161
161
161
160
160
63
63
160
63
63
63
63
63
63
157
157
157
157
157
63
63
63
63
63
63
63
63
63
63
63
63
63
63
63
63
63
63
63
63
63
63
63
63
63
63
63
63
63
63
63
63
63
63
63
63
63
63
63
63
63
63
63
63
63
63
63
63
144
144
144
143
144
143
144
143
63
63
63
141
141
141
141
63
63
63
63
63
63
63
63
63
63
63
63
63
63
63
63
63
63
63
63
63
63
63
63
63
63
63
63
63
63
63
63
63
63
129
129
63
63
129
129
129
129
129
63
63
63
63
127
127
125
127
127
126
126
125
127
125
124
124
124
124
123
123
123
123
122
122
121
121
121
121
121
120
120
117
119
119
119
119
118
118
118
117
117
118
117
116
116
116
116
115
115
115
115
113
112
114
113
113
113
113
112
112
112
111
109
110
111
110
108
108
109
109
109
108
108
108
107
107
107
107
107
106
106
106
106
105
105
105
104
104
104
103
103
103
103
102
103
102
101
101
101
100
100
100
100
100
99
99
99
99
98
98
98
97
97
97
96
96
96
96
95
95
95
95
94
94
93
93
93
93
92
92
92
91
92
91
91
91
90
90
90
89
89
89
88
88
88
85
85
87
87
86
86
86
86
85
85
87
87
84
84
84
84
83
81
81
83
83
82
82
81
81
81
81
80
80
80
79
79
79
79
78
78
78
78
78
77
77
77
76
76
76
76
75
75
75
75
74
74
73
74
73
73
73
73
73
72
72
69
72
71
71
70
70
70
70
70
69
69
69
68
68
70
70
67
65
67
67
67
67
66
66
66
67
67
65
65
65
64
64
64
63
63
63
63
63
